image_width: 672
image_height: 376
camera_name: narrow_stereo/right
camera_matrix:
  rows: 3
  cols: 3
  data: [351.229956, 0.000000, 346.565764, 0.000000, 350.543265, 195.717028, 0.000000, 0.000000, 1.000000]
distortion_model: plumb_bob
distortion_coefficients:
  rows: 1
  cols: 5
  data: [-0.173812, 0.028028, -0.000873, 0.000704, 0.000000]
rectification_matrix:
  rows: 3
  cols: 3
  data: [0.999862, -0.001833, 0.016493, 0.001892, 0.999992, -0.003581, -0.016486, 0.003612, 0.999858]
projection_matrix:
  rows: 3
  cols: 4
  data: [343.845366, 0.000000, 335.752502, -42.116345, 0.000000, 343.845366, 192.540205, 0.000000, 0.000000, 0.000000, 1.000000, 0.000000]
