image_width: 1280
image_height: 720
camera_name: zed/right
camera_matrix:
  rows: 3
  cols: 3
  data: [714.019574, 0.000000, 668.073172, 0.000000, 712.592518, 369.259663, 0.000000, 0.000000, 1.000000]
distortion_model: plumb_bob
distortion_coefficients:
  rows: 1
  cols: 5
  data: [-0.176136, 0.029408, -0.000420, -0.000200, 0.000000]
rectification_matrix:
  rows: 3
  cols: 3
  data: [0.999987, -0.003003, -0.004076, 0.003003, 0.999995, -0.000092, 0.004076, 0.000080, 0.999992]
projection_matrix:
  rows: 3
  cols: 4
  data: [696.277859, 0.000000, 676.173477, -85.969139, 0.000000, 696.277859, 363.999508, 0.000000, 0.000000, 0.000000, 1.000000, 0.000000]
