[LEFT_CAM_2K]
cx = 1156.44
cy = 607.096
fx = 1399.37
fy = 1399.37
k1 = -0.168531
k2 = 0.0251564


[LEFT_CAM_FHD]
cx = 1012.44
cy = 526.096
fx = 1399.37
fy = 1399.37
k1 = -0.168531
k2 = 0.0251564


[LEFT_CAM_HD]
cx = 664.718
cy = 351.548
fx = 699.684
fy = 699.684
k1 = -0.168531
k2 = 0.0251564


[LEFT_CAM_VGA]
cx = 347.359
cy = 182.774
fx = 349.842
fy = 349.842
k1 = -0.168531
k2 = 0.0251564


[RIGHT_CAM_2K]
cx = 1143.23
cy = 647.497
fx = 1399.72
fy = 1399.72
k1 = -0.170276
k2 = 0.0258056


[RIGHT_CAM_FHD]
cx = 999.233
cy = 566.497
fx = 1399.72
fy = 1399.72
k1 = -0.170276
k2 = 0.0258056


[RIGHT_CAM_HD]
cx = 658.117
cy = 371.749
fx = 699.86
fy = 699.86
k1 = -0.170276
k2 = 0.0258056


[RIGHT_CAM_VGA]
cx = 344.058
cy = 192.874
fx = 349.93
fy = 349.93
k1 = -0.170276
k2 = 0.0258056


[STEREO]
BaseLine = 119.974
CV_2K = 0.018381
CV_FHD = 0.018381
CV_HD = 0.018381
CV_VGA = 0.018381
RX_2K = 0.00395802
RX_FHD = 0.00395802
RX_HD = 0.00395802
RX_VGA = 0.00395802
RZ_2K = -0.00103186
RZ_FHD = -0.00103186
RZ_HD = -0.00103186
RZ_VGA = -0.00103186
