[LEFT_CAM_2K]
cx = 1155.04
cy = 609.736
fx = 1399.64
fy = 1399.64
k1 = -0.170389
k2 = 0.0257112


[LEFT_CAM_FHD]
cx = 1011.04
cy = 528.736
fx = 1399.64
fy = 1399.64
k1 = -0.170389
k2 = 0.0257112


[LEFT_CAM_HD]
cx = 664.02
cy = 352.868
fx = 699.821
fy = 699.821
k1 = -0.170389
k2 = 0.0257112


[LEFT_CAM_VGA]
cx = 347.01
cy = 183.434
fx = 349.911
fy = 349.911
k1 = -0.170389
k2 = 0.0257112


[RIGHT_CAM_2K]
cx = 1146.15
cy = 649.178
fx = 1398.75
fy = 1398.75
k1 = -0.171172
k2 = 0.0260333


[RIGHT_CAM_FHD]
cx = 1002.15
cy = 568.178
fx = 1398.75
fy = 1398.75
k1 = -0.171172
k2 = 0.0260333


[RIGHT_CAM_HD]
cx = 659.576
cy = 372.589
fx = 699.373
fy = 699.373
k1 = -0.171172
k2 = 0.0260333


[RIGHT_CAM_VGA]
cx = 344.788
cy = 193.294
fx = 349.687
fy = 349.687
k1 = -0.171172
k2 = 0.0260333


[STEREO]
BaseLine = 119.982
CV_2K = 0.0163581
CV_FHD = 0.0163581
CV_HD = 0.0163581
CV_VGA = 0.0163581
RX_2K = 0.0027816
RX_FHD = 0.0027816
RX_HD = 0.0027816
RX_VGA = 0.0027816
RZ_2K = -0.000844538
RZ_FHD = -0.000844538
RZ_HD = -0.000844538
RZ_VGA = -0.000844538
